Note: All indices are zero-referenced.

Matrix Index information for this call - start,stop,name
0,5,node1
6,11,node3
12,17,load4
18,23,node2

Timestamp: 946702800 - Iteration 0
Matrix Information - non-zero element count = 312
Matrix Information - row, column, value
0,0,10000000000.000000
1,0,0.914124
2,0,0.594011
3,0,1.284424
4,0,-0.623944
5,0,-0.225178
18,0,2.663536
19,0,-0.914124
20,0,-0.594011
21,0,-1.284424
22,0,0.623944
23,0,0.225178
0,1,0.914124
1,1,10000000000.000000
2,1,0.725064
3,1,-0.623944
4,1,1.436623
5,1,-0.382350
18,1,-0.914124
19,1,2.760139
20,1,-0.725064
21,1,0.623944
22,1,-1.436623
23,1,0.382350
0,2,0.594011
1,2,0.725064
2,2,10000000000.000000
3,2,-0.225178
4,2,-0.382350
5,2,1.154205
18,2,-0.594011
19,2,-0.725064
20,2,2.570874
21,2,0.225178
22,2,0.382350
23,2,-1.154205
0,3,1.284424
1,3,-0.623944
2,3,-0.225178
3,3,10000000000.000000
4,3,-0.914124
5,3,-0.594011
18,3,-1.284424
19,3,0.623944
20,3,0.225178
21,3,-2.663536
22,3,0.914124
23,3,0.594011
0,4,-0.623944
1,4,1.436623
2,4,-0.382350
3,4,-0.914124
4,4,10000000000.000000
5,4,-0.725064
18,4,0.623944
19,4,-1.436623
20,4,0.382350
21,4,0.914124
22,4,-2.760139
23,4,0.725064
0,5,-0.225178
1,5,-0.382350
2,5,1.154205
3,5,-0.594011
4,5,-0.725064
5,5,10000000000.000000
18,5,0.225178
19,5,0.382350
20,5,-1.154205
21,5,0.594011
22,5,0.725064
23,5,-2.570874
6,6,-7.753129
7,6,0.731299
8,6,0.475208
9,6,1.964589
10,6,-0.499156
11,6,-0.180143
12,6,2.130829
13,6,-0.731299
14,6,-0.475209
15,6,-1.027539
16,6,0.499156
17,6,0.180143
18,6,1.875603
21,6,-0.312601
6,7,0.731299
7,7,-7.830411
8,7,0.580051
9,7,-0.499156
10,7,2.086349
11,7,-0.305880
12,7,-0.731299
13,7,2.208111
14,7,-0.580051
15,7,0.499156
16,7,-1.149298
17,7,0.305880
19,7,1.875603
22,7,-0.312601
6,8,0.475208
7,8,0.580051
8,8,-7.678999
9,8,-0.180143
10,8,-0.305880
11,8,1.860414
12,8,-0.475209
13,8,-0.580051
14,8,2.056699
15,8,0.180143
16,8,0.305880
17,8,-0.923364
20,8,1.875603
23,8,-0.312601
6,9,1.964589
7,9,-0.499156
8,9,-0.180143
9,9,7.753129
10,9,-0.731299
11,9,-0.475208
12,9,-1.027539
13,9,0.499156
14,9,0.180143
15,9,-2.130829
16,9,0.731299
17,9,0.475209
18,9,-0.312601
21,9,-1.875603
6,10,-0.499156
7,10,2.086349
8,10,-0.305880
9,10,-0.731299
10,10,7.830411
11,10,-0.580051
12,10,0.499156
13,10,-1.149298
14,10,0.305880
15,10,0.731299
16,10,-2.208111
17,10,0.580051
19,10,-0.312601
22,10,-1.875603
6,11,-0.180143
7,11,-0.305880
8,11,1.860414
9,11,-0.475208
10,11,-0.580051
11,11,7.678999
12,11,0.180143
13,11,0.305880
14,11,-0.923364
15,11,0.475209
16,11,0.580051
17,11,-2.056699
20,11,-0.312601
23,11,-1.875603
6,12,2.130829
7,12,-0.731299
8,12,-0.475209
9,12,-1.027539
10,12,0.499156
11,12,0.180143
12,12,-1.993848
13,12,0.731299
14,12,0.475208
15,12,0.806512
16,12,-0.499156
17,12,-0.180143
6,13,-0.731299
7,13,2.208111
8,13,-0.580051
9,13,0.499156
10,13,-1.149298
11,13,0.305880
12,13,0.731299
13,13,-2.553906
14,13,0.580051
15,13,-0.499156
16,13,1.174438
17,13,-0.305880
6,14,-0.475209
7,14,-0.580051
8,14,2.056699
9,14,0.180143
10,14,0.305880
11,14,-0.923364
12,14,0.475208
13,14,0.580051
14,14,-1.767803
15,14,-0.180143
16,14,-0.305880
17,14,1.246417
6,15,-1.027539
7,15,0.499156
8,15,0.180143
9,15,-2.130829
10,15,0.731299
11,15,0.475209
12,15,1.248566
13,15,-0.499156
14,15,-0.180143
15,15,2.267808
16,15,-0.731299
17,15,-0.475208
6,16,0.499156
7,16,-1.149298
8,16,0.305880
9,16,0.731299
10,16,-2.208111
11,16,0.580051
12,16,-0.499156
13,16,1.124159
14,16,-0.305880
15,16,-0.731299
16,16,1.862314
17,16,-0.580051
6,17,0.180143
7,17,0.305880
8,17,-0.923364
9,17,0.475209
10,17,0.580051
11,17,-2.056699
12,17,-0.180143
13,17,-0.305880
14,17,0.600311
15,17,-0.475208
16,17,-0.580051
17,17,2.345592
0,18,2.663536
1,18,-0.914124
2,18,-0.594011
3,18,-1.284424
4,18,0.623944
5,18,0.225178
6,18,1.875603
9,18,-0.312601
18,18,-3.289238
19,18,0.914124
20,18,0.594011
21,18,1.388708
22,18,-0.623944
23,18,-0.225178
0,19,-0.914124
1,19,2.760139
2,19,-0.725064
3,19,0.623944
4,19,-1.436623
5,19,0.382350
7,19,1.875603
10,19,-0.312601
18,19,0.914124
19,19,-3.385840
20,19,0.725064
21,19,-0.623944
22,19,1.540907
23,19,-0.382350
0,20,-0.594011
1,20,-0.725064
2,20,2.570874
3,20,0.225178
4,20,0.382350
5,20,-1.154205
8,20,1.875603
11,20,-0.312601
18,20,0.594011
19,20,0.725064
20,20,-3.196575
21,20,-0.225178
22,20,-0.382350
23,20,1.258489
0,21,-1.284424
1,21,0.623944
2,21,0.225178
3,21,-2.663536
4,21,0.914124
5,21,0.594011
6,21,-0.312601
9,21,-1.875603
18,21,1.388708
19,21,-0.623944
20,21,-0.225178
21,21,3.289238
22,21,-0.914124
23,21,-0.594011
0,22,0.623944
1,22,-1.436623
2,22,0.382350
3,22,0.914124
4,22,-2.760139
5,22,0.725064
7,22,-0.312601
10,22,-1.875603
18,22,-0.623944
19,22,1.540907
20,22,-0.382350
21,22,-0.914124
22,22,3.385840
23,22,-0.725064
0,23,0.225178
1,23,0.382350
2,23,-1.154205
3,23,0.594011
4,23,0.725064
5,23,-2.570874
8,23,-0.312601
11,23,-1.875603
18,23,-0.225178
19,23,-0.382350
20,23,1.258489
21,23,-0.594011
22,23,-0.725064
23,23,3.196575

